(0,0,1)
1 0
(0,0,2)
2 0
(0,0,3)
3 0
(0,0,4)
4 0
(0,0,5)
5 0
(0,0,6)
6 0
(0,0,7)
7 0
(0,0,8)
8 0
(0,0,9)
9 0
(0,1,1)
1.41421 1
(0,1,2)
2.23607 1
(0,1,3)
3.16228 1
(0,1,4)
4.12311 1
(0,1,5)
5.09902 1
(0,1,6)
6.08276 1
(0,1,7)
7.07107 1
(0,1,8)
8.06226 1
(0,1,9)
9.05539 1
(0,2,1)
2.23607 2
(0,2,2)
2.82843 2
(0,2,3)
3.60555 2
(0,2,4)
4.47214 2
(0,2,5)
5.38516 2
(0,2,6)
6.32456 2
(0,2,7)
7.28011 2
(0,2,8)
8.24621 2
(0,2,9)
9.21954 2
(0,3,1)
3.16228 3
(0,3,2)
3.60555 3
(0,3,3)
4.24264 3
(0,3,4)
5 3
(0,3,5)
5.83095 3
(0,3,6)
6.7082 3
(0,3,7)
7.61577 3
(0,3,8)
8.544 3
(0,3,9)
9.48683 3
(0,4,1)
4.12311 4
(0,4,2)
4.47214 4
(0,4,3)
5 4
(0,4,4)
5.65685 4
(0,4,5)
6.40312 4
(0,4,6)
7.2111 4
(0,4,7)
8.06226 4
(0,4,8)
8.94427 4
(0,4,9)
9.84886 4
(0,5,1)
5.09902 5
(0,5,2)
5.38516 5
(0,5,3)
5.83095 5
(0,5,4)
6.40312 5
(0,5,5)
7.07107 5
(0,5,6)
7.81025 5
(0,5,7)
8.60233 5
(0,5,8)
9.43398 5
(0,5,9)
10.2956 5
(0,6,1)
6.08276 6
(0,6,2)
6.32456 6
(0,6,3)
6.7082 6
(0,6,4)
7.2111 6
(0,6,5)
7.81025 6
(0,6,6)
8.48528 6
(0,6,7)
9.21954 6
(0,6,8)
10 6
(0,6,9)
10.8167 6
(0,7,1)
7.07107 7
(0,7,2)
7.28011 7
(0,7,3)
7.61577 7
(0,7,4)
8.06226 7
(0,7,5)
8.60233 7
(0,7,6)
9.21954 7
(0,7,7)
9.8995 7
(0,7,8)
10.6301 7
(0,7,9)
11.4018 7
(0,8,1)
8.06226 8
(0,8,2)
8.24621 8
(0,8,3)
8.544 8
(0,8,4)
8.94427 8
(0,8,5)
9.43398 8
(0,8,6)
10 8
(0,8,7)
10.6301 8
(0,8,8)
11.3137 8
(0,8,9)
12.0416 8
(0,9,1)
9.05539 9
(0,9,2)
9.21954 9
(0,9,3)
9.48683 9
(0,9,4)
9.84886 9
(0,9,5)
10.2956 9
(0,9,6)
10.8167 9
(0,9,7)
11.4018 9
(0,9,8)
12.0416 9
(0,9,9)
12.7279 9
(1,0,0)
1 1.41421
(1,0,2)
2.23607 1.41421
(1,0,3)
3.16228 1.41421
(1,0,4)
4.12311 1.41421
(1,0,5)
5.09902 1.41421
(1,0,6)
6.08276 1.41421
(1,0,7)
7.07107 1.41421
(1,0,8)
8.06226 1.41421
(1,0,9)
9.05539 1.41421
(1,1,0)
1.41421 1.73205
(1,1,2)
2.44949 1.73205
(1,1,3)
3.31662 1.73205
(1,1,4)
4.24264 1.73205
(1,1,5)
5.19615 1.73205
(1,1,6)
6.16441 1.73205
(1,1,7)
7.14143 1.73205
(1,1,8)
8.12404 1.73205
(1,1,9)
9.11043 1.73205
(1,2,0)
2.23607 2.44949
(1,2,2)
3 2.44949
(1,2,3)
3.74166 2.44949
(1,2,4)
4.58258 2.44949
(1,2,5)
5.47723 2.44949
(1,2,6)
6.40312 2.44949
(1,2,7)
7.34847 2.44949
(1,2,8)
8.30662 2.44949
(1,2,9)
9.27362 2.44949
(1,3,0)
3.16228 3.31662
(1,3,2)
3.74166 3.31662
(1,3,3)
4.3589 3.31662
(1,3,4)
5.09902 3.31662
(1,3,5)
5.91608 3.31662
(1,3,6)
6.78233 3.31662
(1,3,7)
7.68115 3.31662
(1,3,8)
8.60233 3.31662
(1,3,9)
9.53939 3.31662
(1,4,0)
4.12311 4.24264
(1,4,2)
4.58258 4.24264
(1,4,3)
5.09902 4.24264
(1,4,4)
5.74456 4.24264
(1,4,5)
6.48074 4.24264
(1,4,6)
7.28011 4.24264
(1,4,7)
8.12404 4.24264
(1,4,8)
9 4.24264
(1,4,9)
9.8995 4.24264
(1,5,0)
5.09902 5.19615
(1,5,2)
5.47723 5.19615
(1,5,3)
5.91608 5.19615
(1,5,4)
6.48074 5.19615
(1,5,5)
7.14143 5.19615
(1,5,6)
7.87401 5.19615
(1,5,7)
8.66025 5.19615
(1,5,8)
9.48683 5.19615
(1,5,9)
10.3441 5.19615
(1,6,0)
6.08276 6.16441
(1,6,2)
6.40312 6.16441
(1,6,3)
6.78233 6.16441
(1,6,4)
7.28011 6.16441
(1,6,5)
7.87401 6.16441
(1,6,6)
8.544 6.16441
(1,6,7)
9.27362 6.16441
(1,6,8)
10.0499 6.16441
(1,6,9)
10.8628 6.16441
(1,7,0)
7.07107 7.14143
(1,7,2)
7.34847 7.14143
(1,7,3)
7.68115 7.14143
(1,7,4)
8.12404 7.14143
(1,7,5)
8.66025 7.14143
(1,7,6)
9.27362 7.14143
(1,7,7)
9.94987 7.14143
(1,7,8)
10.6771 7.14143
(1,7,9)
11.4455 7.14143
(1,8,0)
8.06226 8.12404
(1,8,2)
8.30662 8.12404
(1,8,3)
8.60233 8.12404
(1,8,4)
9 8.12404
(1,8,5)
9.48683 8.12404
(1,8,6)
10.0499 8.12404
(1,8,7)
10.6771 8.12404
(1,8,8)
11.3578 8.12404
(1,8,9)
12.083 8.12404
(1,9,0)
9.05539 9.11043
(1,9,2)
9.27362 9.11043
(1,9,3)
9.53939 9.11043
(1,9,4)
9.8995 9.11043
(1,9,5)
10.3441 9.11043
(1,9,6)
10.8628 9.11043
(1,9,7)
11.4455 9.11043
(1,9,8)
12.083 9.11043
(1,9,9)
12.7671 9.11043
(2,0,0)
2 2.82843
(2,0,1)
2.23607 2.82843
(2,0,3)
3.60555 2.82843
(2,0,4)
4.47214 2.82843
(2,0,5)
5.38516 2.82843
(2,0,6)
6.32456 2.82843
(2,0,7)
7.28011 2.82843
(2,0,8)
8.24621 2.82843
(2,0,9)
9.21954 2.82843
(2,1,0)
2.23607 3
(2,1,1)
2.44949 3
(2,1,3)
3.74166 3
(2,1,4)
4.58258 3
(2,1,5)
5.47723 3
(2,1,6)
6.40312 3
(2,1,7)
7.34847 3
(2,1,8)
8.30662 3
(2,1,9)
9.27362 3
(2,2,0)
2.82843 3.4641
(2,2,1)
3 3.4641
(2,2,3)
4.12311 3.4641
(2,2,4)
4.89898 3.4641
(2,2,5)
5.74456 3.4641
(2,2,6)
6.63325 3.4641
(2,2,7)
7.54983 3.4641
(2,2,8)
8.48528 3.4641
(2,2,9)
9.43398 3.4641
(2,3,0)
3.60555 4.12311
(2,3,1)
3.74166 4.12311
(2,3,3)
4.69042 4.12311
(2,3,4)
5.38516 4.12311
(2,3,5)
6.16441 4.12311
(2,3,6)
7 4.12311
(2,3,7)
7.87401 4.12311
(2,3,8)
8.77496 4.12311
(2,3,9)
9.69536 4.12311
(2,4,0)
4.47214 4.89898
(2,4,1)
4.58258 4.89898
(2,4,3)
5.38516 4.89898
(2,4,4)
6 4.89898
(2,4,5)
6.7082 4.89898
(2,4,6)
7.48331 4.89898
(2,4,7)
8.30662 4.89898
(2,4,8)
9.16515 4.89898
(2,4,9)
10.0499 4.89898
(2,5,0)
5.38516 5.74456
(2,5,1)
5.47723 5.74456
(2,5,3)
6.16441 5.74456
(2,5,4)
6.7082 5.74456
(2,5,5)
7.34847 5.74456
(2,5,6)
8.06226 5.74456
(2,5,7)
8.83176 5.74456
(2,5,8)
9.64365 5.74456
(2,5,9)
10.4881 5.74456
(2,6,0)
6.32456 6.63325
(2,6,1)
6.40312 6.63325
(2,6,3)
7 6.63325
(2,6,4)
7.48331 6.63325
(2,6,5)
8.06226 6.63325
(2,6,6)
8.7178 6.63325
(2,6,7)
9.43398 6.63325
(2,6,8)
10.198 6.63325
(2,6,9)
11 6.63325
(2,7,0)
7.28011 7.54983
(2,7,1)
7.34847 7.54983
(2,7,3)
7.87401 7.54983
(2,7,4)
8.30662 7.54983
(2,7,5)
8.83176 7.54983
(2,7,6)
9.43398 7.54983
(2,7,7)
10.0995 7.54983
(2,7,8)
10.8167 7.54983
(2,7,9)
11.5758 7.54983
(2,8,0)
8.24621 8.48528
(2,8,1)
8.30662 8.48528
(2,8,3)
8.77496 8.48528
(2,8,4)
9.16515 8.48528
(2,8,5)
9.64365 8.48528
(2,8,6)
10.198 8.48528
(2,8,7)
10.8167 8.48528
(2,8,8)
11.4891 8.48528
(2,8,9)
12.2066 8.48528
(2,9,0)
9.21954 9.43398
(2,9,1)
9.27362 9.43398
(2,9,3)
9.69536 9.43398
(2,9,4)
10.0499 9.43398
(2,9,5)
10.4881 9.43398
(2,9,6)
11 9.43398
(2,9,7)
11.5758 9.43398
(2,9,8)
12.2066 9.43398
(2,9,9)
12.8841 9.43398
(3,0,0)
3 4.24264
(3,0,1)
3.16228 4.24264
(3,0,2)
3.60555 4.24264
(3,0,4)
5 4.24264
(3,0,5)
5.83095 4.24264
(3,0,6)
6.7082 4.24264
(3,0,7)
7.61577 4.24264
(3,0,8)
8.544 4.24264
(3,0,9)
9.48683 4.24264
(3,1,0)
3.16228 4.3589
(3,1,1)
3.31662 4.3589
(3,1,2)
3.74166 4.3589
(3,1,4)
5.09902 4.3589
(3,1,5)
5.91608 4.3589
(3,1,6)
6.78233 4.3589
(3,1,7)
7.68115 4.3589
(3,1,8)
8.60233 4.3589
(3,1,9)
9.53939 4.3589
(3,2,0)
3.60555 4.69042
(3,2,1)
3.74166 4.69042
(3,2,2)
4.12311 4.69042
(3,2,4)
5.38516 4.69042
(3,2,5)
6.16441 4.69042
(3,2,6)
7 4.69042
(3,2,7)
7.87401 4.69042
(3,2,8)
8.77496 4.69042
(3,2,9)
9.69536 4.69042
(3,3,0)
4.24264 5.19615
(3,3,1)
4.3589 5.19615
(3,3,2)
4.69042 5.19615
(3,3,4)
5.83095 5.19615
(3,3,5)
6.55744 5.19615
(3,3,6)
7.34847 5.19615
(3,3,7)
8.18535 5.19615
(3,3,8)
9.05539 5.19615
(3,3,9)
9.94987 5.19615
(3,4,0)
5 5.83095
(3,4,1)
5.09902 5.83095
(3,4,2)
5.38516 5.83095
(3,4,4)
6.40312 5.83095
(3,4,5)
7.07107 5.83095
(3,4,6)
7.81025 5.83095
(3,4,7)
8.60233 5.83095
(3,4,8)
9.43398 5.83095
(3,4,9)
10.2956 5.83095
(3,5,0)
5.83095 6.55744
(3,5,1)
5.91608 6.55744
(3,5,2)
6.16441 6.55744
(3,5,4)
7.07107 6.55744
(3,5,5)
7.68115 6.55744
(3,5,6)
8.3666 6.55744
(3,5,7)
9.11043 6.55744
(3,5,8)
9.8995 6.55744
(3,5,9)
10.7238 6.55744
(3,6,0)
6.7082 7.34847
(3,6,1)
6.78233 7.34847
(3,6,2)
7 7.34847
(3,6,4)
7.81025 7.34847
(3,6,5)
8.3666 7.34847
(3,6,6)
9 7.34847
(3,6,7)
9.69536 7.34847
(3,6,8)
10.4403 7.34847
(3,6,9)
11.225 7.34847
(3,7,0)
7.61577 8.18535
(3,7,1)
7.68115 8.18535
(3,7,2)
7.87401 8.18535
(3,7,4)
8.60233 8.18535
(3,7,5)
9.11043 8.18535
(3,7,6)
9.69536 8.18535
(3,7,7)
10.3441 8.18535
(3,7,8)
11.0454 8.18535
(3,7,9)
11.7898 8.18535
(3,8,0)
8.544 9.05539
(3,8,1)
8.60233 9.05539
(3,8,2)
8.77496 9.05539
(3,8,4)
9.43398 9.05539
(3,8,5)
9.8995 9.05539
(3,8,6)
10.4403 9.05539
(3,8,7)
11.0454 9.05539
(3,8,8)
11.7047 9.05539
(3,8,9)
12.4097 9.05539
(3,9,0)
9.48683 9.94987
(3,9,1)
9.53939 9.94987
(3,9,2)
9.69536 9.94987
(3,9,4)
10.2956 9.94987
(3,9,5)
10.7238 9.94987
(3,9,6)
11.225 9.94987
(3,9,7)
11.7898 9.94987
(3,9,8)
12.4097 9.94987
(3,9,9)
13.0767 9.94987
(4,0,0)
4 5.65685
(4,0,1)
4.12311 5.65685
(4,0,2)
4.47214 5.65685
(4,0,3)
5 5.65685
(4,0,5)
6.40312 5.65685
(4,0,6)
7.2111 5.65685
(4,0,7)
8.06226 5.65685
(4,0,8)
8.94427 5.65685
(4,0,9)
9.84886 5.65685
(4,1,0)
4.12311 5.74456
(4,1,1)
4.24264 5.74456
(4,1,2)
4.58258 5.74456
(4,1,3)
5.09902 5.74456
(4,1,5)
6.48074 5.74456
(4,1,6)
7.28011 5.74456
(4,1,7)
8.12404 5.74456
(4,1,8)
9 5.74456
(4,1,9)
9.8995 5.74456
(4,2,0)
4.47214 6
(4,2,1)
4.58258 6
(4,2,2)
4.89898 6
(4,2,3)
5.38516 6
(4,2,5)
6.7082 6
(4,2,6)
7.48331 6
(4,2,7)
8.30662 6
(4,2,8)
9.16515 6
(4,2,9)
10.0499 6
(4,3,0)
5 6.40312
(4,3,1)
5.09902 6.40312
(4,3,2)
5.38516 6.40312
(4,3,3)
5.83095 6.40312
(4,3,5)
7.07107 6.40312
(4,3,6)
7.81025 6.40312
(4,3,7)
8.60233 6.40312
(4,3,8)
9.43398 6.40312
(4,3,9)
10.2956 6.40312
(4,4,0)
5.65685 6.9282
(4,4,1)
5.74456 6.9282
(4,4,2)
6 6.9282
(4,4,3)
6.40312 6.9282
(4,4,5)
7.54983 6.9282
(4,4,6)
8.24621 6.9282
(4,4,7)
9 6.9282
(4,4,8)
9.79796 6.9282
(4,4,9)
10.6301 6.9282
(4,5,0)
6.40312 7.54983
(4,5,1)
6.48074 7.54983
(4,5,2)
6.7082 7.54983
(4,5,3)
7.07107 7.54983
(4,5,5)
8.12404 7.54983
(4,5,6)
8.77496 7.54983
(4,5,7)
9.48683 7.54983
(4,5,8)
10.247 7.54983
(4,5,9)
11.0454 7.54983
(4,6,0)
7.2111 8.24621
(4,6,1)
7.28011 8.24621
(4,6,2)
7.48331 8.24621
(4,6,3)
7.81025 8.24621
(4,6,5)
8.77496 8.24621
(4,6,6)
9.38083 8.24621
(4,6,7)
10.0499 8.24621
(4,6,8)
10.7703 8.24621
(4,6,9)
11.5326 8.24621
(4,7,0)
8.06226 9
(4,7,1)
8.12404 9
(4,7,2)
8.30662 9
(4,7,3)
8.60233 9
(4,7,5)
9.48683 9
(4,7,6)
10.0499 9
(4,7,7)
10.6771 9
(4,7,8)
11.3578 9
(4,7,9)
12.083 9
(4,8,0)
8.94427 9.79796
(4,8,1)
9 9.79796
(4,8,2)
9.16515 9.79796
(4,8,3)
9.43398 9.79796
(4,8,5)
10.247 9.79796
(4,8,6)
10.7703 9.79796
(4,8,7)
11.3578 9.79796
(4,8,8)
12 9.79796
(4,8,9)
12.6886 9.79796
(4,9,0)
9.84886 10.6301
(4,9,1)
9.8995 10.6301
(4,9,2)
10.0499 10.6301
(4,9,3)
10.2956 10.6301
(4,9,5)
11.0454 10.6301
(4,9,6)
11.5326 10.6301
(4,9,7)
12.083 10.6301
(4,9,8)
12.6886 10.6301
(4,9,9)
13.3417 10.6301
(5,0,0)
5 7.07107
(5,0,1)
5.09902 7.07107
(5,0,2)
5.38516 7.07107
(5,0,3)
5.83095 7.07107
(5,0,4)
6.40312 7.07107
(5,0,6)
7.81025 7.07107
(5,0,7)
8.60233 7.07107
(5,0,8)
9.43398 7.07107
(5,0,9)
10.2956 7.07107
(5,1,0)
5.09902 7.14143
(5,1,1)
5.19615 7.14143
(5,1,2)
5.47723 7.14143
(5,1,3)
5.91608 7.14143
(5,1,4)
6.48074 7.14143
(5,1,6)
7.87401 7.14143
(5,1,7)
8.66025 7.14143
(5,1,8)
9.48683 7.14143
(5,1,9)
10.3441 7.14143
(5,2,0)
5.38516 7.34847
(5,2,1)
5.47723 7.34847
(5,2,2)
5.74456 7.34847
(5,2,3)
6.16441 7.34847
(5,2,4)
6.7082 7.34847
(5,2,6)
8.06226 7.34847
(5,2,7)
8.83176 7.34847
(5,2,8)
9.64365 7.34847
(5,2,9)
10.4881 7.34847
(5,3,0)
5.83095 7.68115
(5,3,1)
5.91608 7.68115
(5,3,2)
6.16441 7.68115
(5,3,3)
6.55744 7.68115
(5,3,4)
7.07107 7.68115
(5,3,6)
8.3666 7.68115
(5,3,7)
9.11043 7.68115
(5,3,8)
9.8995 7.68115
(5,3,9)
10.7238 7.68115
(5,4,0)
6.40312 8.12404
(5,4,1)
6.48074 8.12404
(5,4,2)
6.7082 8.12404
(5,4,3)
7.07107 8.12404
(5,4,4)
7.54983 8.12404
(5,4,6)
8.77496 8.12404
(5,4,7)
9.48683 8.12404
(5,4,8)
10.247 8.12404
(5,4,9)
11.0454 8.12404
(5,5,0)
7.07107 8.66025
(5,5,1)
7.14143 8.66025
(5,5,2)
7.34847 8.66025
(5,5,3)
7.68115 8.66025
(5,5,4)
8.12404 8.66025
(5,5,6)
9.27362 8.66025
(5,5,7)
9.94987 8.66025
(5,5,8)
10.6771 8.66025
(5,5,9)
11.4455 8.66025
(5,6,0)
7.81025 9.27362
(5,6,1)
7.87401 9.27362
(5,6,2)
8.06226 9.27362
(5,6,3)
8.3666 9.27362
(5,6,4)
8.77496 9.27362
(5,6,6)
9.84886 9.27362
(5,6,7)
10.4881 9.27362
(5,6,8)
11.1803 9.27362
(5,6,9)
11.9164 9.27362
(5,7,0)
8.60233 9.94987
(5,7,1)
8.66025 9.94987
(5,7,2)
8.83176 9.94987
(5,7,3)
9.11043 9.94987
(5,7,4)
9.48683 9.94987
(5,7,6)
10.4881 9.94987
(5,7,7)
11.0905 9.94987
(5,7,8)
11.7473 9.94987
(5,7,9)
12.4499 9.94987
(5,8,0)
9.43398 10.6771
(5,8,1)
9.48683 10.6771
(5,8,2)
9.64365 10.6771
(5,8,3)
9.8995 10.6771
(5,8,4)
10.247 10.6771
(5,8,6)
11.1803 10.6771
(5,8,7)
11.7473 10.6771
(5,8,8)
12.3693 10.6771
(5,8,9)
13.0384 10.6771
(5,9,0)
10.2956 11.4455
(5,9,1)
10.3441 11.4455
(5,9,2)
10.4881 11.4455
(5,9,3)
10.7238 11.4455
(5,9,4)
11.0454 11.4455
(5,9,6)
11.9164 11.4455
(5,9,7)
12.4499 11.4455
(5,9,8)
13.0384 11.4455
(5,9,9)
13.6748 11.4455
(6,0,0)
6 8.48528
(6,0,1)
6.08276 8.48528
(6,0,2)
6.32456 8.48528
(6,0,3)
6.7082 8.48528
(6,0,4)
7.2111 8.48528
(6,0,5)
7.81025 8.48528
(6,0,7)
9.21954 8.48528
(6,0,8)
10 8.48528
(6,0,9)
10.8167 8.48528
(6,1,0)
6.08276 8.544
(6,1,1)
6.16441 8.544
(6,1,2)
6.40312 8.544
(6,1,3)
6.78233 8.544
(6,1,4)
7.28011 8.544
(6,1,5)
7.87401 8.544
(6,1,7)
9.27362 8.544
(6,1,8)
10.0499 8.544
(6,1,9)
10.8628 8.544
(6,2,0)
6.32456 8.7178
(6,2,1)
6.40312 8.7178
(6,2,2)
6.63325 8.7178
(6,2,3)
7 8.7178
(6,2,4)
7.48331 8.7178
(6,2,5)
8.06226 8.7178
(6,2,7)
9.43398 8.7178
(6,2,8)
10.198 8.7178
(6,2,9)
11 8.7178
(6,3,0)
6.7082 9
(6,3,1)
6.78233 9
(6,3,2)
7 9
(6,3,3)
7.34847 9
(6,3,4)
7.81025 9
(6,3,5)
8.3666 9
(6,3,7)
9.69536 9
(6,3,8)
10.4403 9
(6,3,9)
11.225 9
(6,4,0)
7.2111 9.38083
(6,4,1)
7.28011 9.38083
(6,4,2)
7.48331 9.38083
(6,4,3)
7.81025 9.38083
(6,4,4)
8.24621 9.38083
(6,4,5)
8.77496 9.38083
(6,4,7)
10.0499 9.38083
(6,4,8)
10.7703 9.38083
(6,4,9)
11.5326 9.38083
(6,5,0)
7.81025 9.84886
(6,5,1)
7.87401 9.84886
(6,5,2)
8.06226 9.84886
(6,5,3)
8.3666 9.84886
(6,5,4)
8.77496 9.84886
(6,5,5)
9.27362 9.84886
(6,5,7)
10.4881 9.84886
(6,5,8)
11.1803 9.84886
(6,5,9)
11.9164 9.84886
(6,6,0)
8.48528 10.3923
(6,6,1)
8.544 10.3923
(6,6,2)
8.7178 10.3923
(6,6,3)
9 10.3923
(6,6,4)
9.38083 10.3923
(6,6,5)
9.84886 10.3923
(6,6,7)
11 10.3923
(6,6,8)
11.6619 10.3923
(6,6,9)
12.3693 10.3923
(6,7,0)
9.21954 11
(6,7,1)
9.27362 11
(6,7,2)
9.43398 11
(6,7,3)
9.69536 11
(6,7,4)
10.0499 11
(6,7,5)
10.4881 11
(6,7,7)
11.5758 11
(6,7,8)
12.2066 11
(6,7,9)
12.8841 11
(6,8,0)
10 11.6619
(6,8,1)
10.0499 11.6619
(6,8,2)
10.198 11.6619
(6,8,3)
10.4403 11.6619
(6,8,4)
10.7703 11.6619
(6,8,5)
11.1803 11.6619
(6,8,7)
12.2066 11.6619
(6,8,8)
12.8062 11.6619
(6,8,9)
13.4536 11.6619
(6,9,0)
10.8167 12.3693
(6,9,1)
10.8628 12.3693
(6,9,2)
11 12.3693
(6,9,3)
11.225 12.3693
(6,9,4)
11.5326 12.3693
(6,9,5)
11.9164 12.3693
(6,9,7)
12.8841 12.3693
(6,9,8)
13.4536 12.3693
(6,9,9)
14.0712 12.3693
(7,0,0)
7 9.8995
(7,0,1)
7.07107 9.8995
(7,0,2)
7.28011 9.8995
(7,0,3)
7.61577 9.8995
(7,0,4)
8.06226 9.8995
(7,0,5)
8.60233 9.8995
(7,0,6)
9.21954 9.8995
(7,0,8)
10.6301 9.8995
(7,0,9)
11.4018 9.8995
(7,1,0)
7.07107 9.94987
(7,1,1)
7.14143 9.94987
(7,1,2)
7.34847 9.94987
(7,1,3)
7.68115 9.94987
(7,1,4)
8.12404 9.94987
(7,1,5)
8.66025 9.94987
(7,1,6)
9.27362 9.94987
(7,1,8)
10.6771 9.94987
(7,1,9)
11.4455 9.94987
(7,2,0)
7.28011 10.0995
(7,2,1)
7.34847 10.0995
(7,2,2)
7.54983 10.0995
(7,2,3)
7.87401 10.0995
(7,2,4)
8.30662 10.0995
(7,2,5)
8.83176 10.0995
(7,2,6)
9.43398 10.0995
(7,2,8)
10.8167 10.0995
(7,2,9)
11.5758 10.0995
(7,3,0)
7.61577 10.3441
(7,3,1)
7.68115 10.3441
(7,3,2)
7.87401 10.3441
(7,3,3)
8.18535 10.3441
(7,3,4)
8.60233 10.3441
(7,3,5)
9.11043 10.3441
(7,3,6)
9.69536 10.3441
(7,3,8)
11.0454 10.3441
(7,3,9)
11.7898 10.3441
(7,4,0)
8.06226 10.6771
(7,4,1)
8.12404 10.6771
(7,4,2)
8.30662 10.6771
(7,4,3)
8.60233 10.6771
(7,4,4)
9 10.6771
(7,4,5)
9.48683 10.6771
(7,4,6)
10.0499 10.6771
(7,4,8)
11.3578 10.6771
(7,4,9)
12.083 10.6771
(7,5,0)
8.60233 11.0905
(7,5,1)
8.66025 11.0905
(7,5,2)
8.83176 11.0905
(7,5,3)
9.11043 11.0905
(7,5,4)
9.48683 11.0905
(7,5,5)
9.94987 11.0905
(7,5,6)
10.4881 11.0905
(7,5,8)
11.7473 11.0905
(7,5,9)
12.4499 11.0905
(7,6,0)
9.21954 11.5758
(7,6,1)
9.27362 11.5758
(7,6,2)
9.43398 11.5758
(7,6,3)
9.69536 11.5758
(7,6,4)
10.0499 11.5758
(7,6,5)
10.4881 11.5758
(7,6,6)
11 11.5758
(7,6,8)
12.2066 11.5758
(7,6,9)
12.8841 11.5758
(7,7,0)
9.8995 12.1244
(7,7,1)
9.94987 12.1244
(7,7,2)
10.0995 12.1244
(7,7,3)
10.3441 12.1244
(7,7,4)
10.6771 12.1244
(7,7,5)
11.0905 12.1244
(7,7,6)
11.5758 12.1244
(7,7,8)
12.7279 12.1244
(7,7,9)
13.3791 12.1244
(7,8,0)
10.6301 12.7279
(7,8,1)
10.6771 12.7279
(7,8,2)
10.8167 12.7279
(7,8,3)
11.0454 12.7279
(7,8,4)
11.3578 12.7279
(7,8,5)
11.7473 12.7279
(7,8,6)
12.2066 12.7279
(7,8,8)
13.3041 12.7279
(7,8,9)
13.9284 12.7279
(7,9,0)
11.4018 13.3791
(7,9,1)
11.4455 13.3791
(7,9,2)
11.5758 13.3791
(7,9,3)
11.7898 13.3791
(7,9,4)
12.083 13.3791
(7,9,5)
12.4499 13.3791
(7,9,6)
12.8841 13.3791
(7,9,8)
13.9284 13.3791
(7,9,9)
14.5258 13.3791
(8,0,0)
8 11.3137
(8,0,1)
8.06226 11.3137
(8,0,2)
8.24621 11.3137
(8,0,3)
8.544 11.3137
(8,0,4)
8.94427 11.3137
(8,0,5)
9.43398 11.3137
(8,0,6)
10 11.3137
(8,0,7)
10.6301 11.3137
(8,0,9)
12.0416 11.3137
(8,1,0)
8.06226 11.3578
(8,1,1)
8.12404 11.3578
(8,1,2)
8.30662 11.3578
(8,1,3)
8.60233 11.3578
(8,1,4)
9 11.3578
(8,1,5)
9.48683 11.3578
(8,1,6)
10.0499 11.3578
(8,1,7)
10.6771 11.3578
(8,1,9)
12.083 11.3578
(8,2,0)
8.24621 11.4891
(8,2,1)
8.30662 11.4891
(8,2,2)
8.48528 11.4891
(8,2,3)
8.77496 11.4891
(8,2,4)
9.16515 11.4891
(8,2,5)
9.64365 11.4891
(8,2,6)
10.198 11.4891
(8,2,7)
10.8167 11.4891
(8,2,9)
12.2066 11.4891
(8,3,0)
8.544 11.7047
(8,3,1)
8.60233 11.7047
(8,3,2)
8.77496 11.7047
(8,3,3)
9.05539 11.7047
(8,3,4)
9.43398 11.7047
(8,3,5)
9.8995 11.7047
(8,3,6)
10.4403 11.7047
(8,3,7)
11.0454 11.7047
(8,3,9)
12.4097 11.7047
(8,4,0)
8.94427 12
(8,4,1)
9 12
(8,4,2)
9.16515 12
(8,4,3)
9.43398 12
(8,4,4)
9.79796 12
(8,4,5)
10.247 12
(8,4,6)
10.7703 12
(8,4,7)
11.3578 12
(8,4,9)
12.6886 12
(8,5,0)
9.43398 12.3693
(8,5,1)
9.48683 12.3693
(8,5,2)
9.64365 12.3693
(8,5,3)
9.8995 12.3693
(8,5,4)
10.247 12.3693
(8,5,5)
10.6771 12.3693
(8,5,6)
11.1803 12.3693
(8,5,7)
11.7473 12.3693
(8,5,9)
13.0384 12.3693
(8,6,0)
10 12.8062
(8,6,1)
10.0499 12.8062
(8,6,2)
10.198 12.8062
(8,6,3)
10.4403 12.8062
(8,6,4)
10.7703 12.8062
(8,6,5)
11.1803 12.8062
(8,6,6)
11.6619 12.8062
(8,6,7)
12.2066 12.8062
(8,6,9)
13.4536 12.8062
(8,7,0)
10.6301 13.3041
(8,7,1)
10.6771 13.3041
(8,7,2)
10.8167 13.3041
(8,7,3)
11.0454 13.3041
(8,7,4)
11.3578 13.3041
(8,7,5)
11.7473 13.3041
(8,7,6)
12.2066 13.3041
(8,7,7)
12.7279 13.3041
(8,7,9)
13.9284 13.3041
(8,8,0)
11.3137 13.8564
(8,8,1)
11.3578 13.8564
(8,8,2)
11.4891 13.8564
(8,8,3)
11.7047 13.8564
(8,8,4)
12 13.8564
(8,8,5)
12.3693 13.8564
(8,8,6)
12.8062 13.8564
(8,8,7)
13.3041 13.8564
(8,8,9)
14.4568 13.8564
(8,9,0)
12.0416 14.4568
(8,9,1)
12.083 14.4568
(8,9,2)
12.2066 14.4568
(8,9,3)
12.4097 14.4568
(8,9,4)
12.6886 14.4568
(8,9,5)
13.0384 14.4568
(8,9,6)
13.4536 14.4568
(8,9,7)
13.9284 14.4568
(8,9,9)
15.0333 14.4568
(9,0,0)
9 12.7279
(9,0,1)
9.05539 12.7279
(9,0,2)
9.21954 12.7279
(9,0,3)
9.48683 12.7279
(9,0,4)
9.84886 12.7279
(9,0,5)
10.2956 12.7279
(9,0,6)
10.8167 12.7279
(9,0,7)
11.4018 12.7279
(9,0,8)
12.0416 12.7279
(9,1,0)
9.05539 12.7671
(9,1,1)
9.11043 12.7671
(9,1,2)
9.27362 12.7671
(9,1,3)
9.53939 12.7671
(9,1,4)
9.8995 12.7671
(9,1,5)
10.3441 12.7671
(9,1,6)
10.8628 12.7671
(9,1,7)
11.4455 12.7671
(9,1,8)
12.083 12.7671
(9,2,0)
9.21954 12.8841
(9,2,1)
9.27362 12.8841
(9,2,2)
9.43398 12.8841
(9,2,3)
9.69536 12.8841
(9,2,4)
10.0499 12.8841
(9,2,5)
10.4881 12.8841
(9,2,6)
11 12.8841
(9,2,7)
11.5758 12.8841
(9,2,8)
12.2066 12.8841
(9,3,0)
9.48683 13.0767
(9,3,1)
9.53939 13.0767
(9,3,2)
9.69536 13.0767
(9,3,3)
9.94987 13.0767
(9,3,4)
10.2956 13.0767
(9,3,5)
10.7238 13.0767
(9,3,6)
11.225 13.0767
(9,3,7)
11.7898 13.0767
(9,3,8)
12.4097 13.0767
(9,4,0)
9.84886 13.3417
(9,4,1)
9.8995 13.3417
(9,4,2)
10.0499 13.3417
(9,4,3)
10.2956 13.3417
(9,4,4)
10.6301 13.3417
(9,4,5)
11.0454 13.3417
(9,4,6)
11.5326 13.3417
(9,4,7)
12.083 13.3417
(9,4,8)
12.6886 13.3417
(9,5,0)
10.2956 13.6748
(9,5,1)
10.3441 13.6748
(9,5,2)
10.4881 13.6748
(9,5,3)
10.7238 13.6748
(9,5,4)
11.0454 13.6748
(9,5,5)
11.4455 13.6748
(9,5,6)
11.9164 13.6748
(9,5,7)
12.4499 13.6748
(9,5,8)
13.0384 13.6748
(9,6,0)
10.8167 14.0712
(9,6,1)
10.8628 14.0712
(9,6,2)
11 14.0712
(9,6,3)
11.225 14.0712
(9,6,4)
11.5326 14.0712
(9,6,5)
11.9164 14.0712
(9,6,6)
12.3693 14.0712
(9,6,7)
12.8841 14.0712
(9,6,8)
13.4536 14.0712
(9,7,0)
11.4018 14.5258
(9,7,1)
11.4455 14.5258
(9,7,2)
11.5758 14.5258
(9,7,3)
11.7898 14.5258
(9,7,4)
12.083 14.5258
(9,7,5)
12.4499 14.5258
(9,7,6)
12.8841 14.5258
(9,7,7)
13.3791 14.5258
(9,7,8)
13.9284 14.5258
(9,8,0)
12.0416 15.0333
(9,8,1)
12.083 15.0333
(9,8,2)
12.2066 15.0333
(9,8,3)
12.4097 15.0333
(9,8,4)
12.6886 15.0333
(9,8,5)
13.0384 15.0333
(9,8,6)
13.4536 15.0333
(9,8,7)
13.9284 15.0333
(9,8,8)
14.4568 15.0333
(9,9,0)
12.7279 15.5885
(9,9,1)
12.7671 15.5885
(9,9,2)
12.8841 15.5885
(9,9,3)
13.0767 15.5885
(9,9,4)
13.3417 15.5885
(9,9,5)
13.6748 15.5885
(9,9,6)
14.0712 15.5885
(9,9,7)
14.5258 15.5885
(9,9,8)
15.0333 15.5885
Test Componet x:   1000/1000
Test Componet y:   1000/1000
Test Componet z:   1000/1000
Test Magnitude:    100/1000
